0	-0.411371	
0.000909091	-0.411229	
0.00181821	-0.411091	
0.00272736	-0.410956	
0.00363655	-0.410824	
0.00454576	-0.410696	
0.005455	-0.410571	
0.00636428	-0.410448	
0.00727358	-0.410329	
0.00818292	-0.410213	
0.00909228	-0.410101	
0.0100017	-0.409991	
0.0109111	-0.409885	
0.0118206	-0.409782	
0.01273	-0.409682	
0.0136396	-0.409585	
0.0145491	-0.409491	
0.0154587	-0.4094	
0.0163683	-0.409312	
0.0172779	-0.409228	
0.0181876	-0.409147	
0.0190973	-0.409068	
0.020007	-0.408993	
0.0209168	-0.408921	
0.0218266	-0.408852	
0.0227364	-0.408786	
0.0236462	-0.408723	
0.0245561	-0.408664	
0.025466	-0.408607	
0.0263759	-0.408553	
0.0272859	-0.408503	
0.0281959	-0.408455	
0.0291059	-0.408411	
0.0300159	-0.408369	
0.030926	-0.408331	
0.0318361	-0.408295	
0.0327463	-0.408263	
0.0336564	-0.408233	
0.0345666	-0.408207	
0.0354768	-0.408183	
0.0363871	-0.408163	
0.0372974	-0.408146	
0.0382077	-0.408131	
0.039118	-0.40812	
0.0400284	-0.408111	
0.0409388	-0.408106	
0.0418492	-0.408103	
0.0427597	-0.408103	
0.0436701	-0.408099	
0.0445807	-0.408093	
0.0454912	-0.408084	
0.0464018	-0.408072	
0.0473124	-0.408057	
0.048223	-0.408039	
0.0491336	-0.408018	
0.0500443	-0.407994	
0.050955	-0.407967	
0.0518658	-0.407937	
0.0527765	-0.407904	
0.0536873	-0.407869	
0.0545981	-0.40783	
0.055509	-0.407789	
0.0564199	-0.407744	
0.0573308	-0.407697	
0.0582417	-0.407647	
0.0591527	-0.407593	
0.0600637	-0.407537	
0.0609747	-0.407478	
0.0618857	-0.407416	
0.0627968	-0.407351	
0.0637079	-0.407284	
0.064619	-0.407213	
0.0655302	-0.407139	
0.0664414	-0.407063	
0.0673526	-0.406983	
0.0682638	-0.406901	
0.0691751	-0.406816	
0.0700864	-0.406728	
0.0709977	-0.406637	
0.071909	-0.406543	
0.0728204	-0.406446	
0.0737318	-0.406346	
0.0746432	-0.406243	
0.0755547	-0.406138	
0.0764662	-0.406029	
0.0773777	-0.405918	
0.0782892	-0.405804	
0.0792008	-0.405687	
0.0801123	-0.405567	
0.0810239	-0.405444	
0.0819356	-0.405318	
0.0828472	-0.40519	
0.0837589	-0.405058	
0.0846706	-0.404924	
0.0855824	-0.404786	
0.0864942	-0.404646	
0.0874059	-0.404503	
0.0883178	-0.404357	
0.0892296	-0.404209	
0.0901415	-0.404057	
0.0910534	-0.403903	
0.0919653	-0.403745	
0.0928772	-0.403585	
0.0937892	-0.403422	
0.0947012	-0.403256	
0.0956132	-0.403087	
0.0965253	-0.402916	
0.0974373	-0.402741	
0.0983494	-0.402564	
0.0992616	-0.402384	
0.100174	-0.402201	
0.101086	-0.402015	
0.101998	-0.401826	
0.10291	-0.401634	
0.103823	-0.40144	
0.104735	-0.401243	
0.105647	-0.401043	
0.106559	-0.40084	
0.107472	-0.400634	
0.108384	-0.400425	
0.109296	-0.400214	
0.110209	-0.4	
0.111121	-0.399783	
0.112034	-0.399563	
0.112946	-0.39934	
0.113859	-0.399114	
0.114771	-0.398886	
0.115684	-0.398655	
0.116596	-0.398421	
0.117509	-0.398184	
0.118422	-0.397944	
0.119334	-0.397702	
0.120247	-0.397457	
0.12116	-0.397209	
0.122072	-0.396958	
0.122985	-0.396704	
0.123898	-0.396448	
0.124811	-0.396188	
0.125723	-0.395926	
0.126636	-0.395661	
0.127549	-0.395394	
0.128462	-0.395123	
0.129375	-0.39485	
0.130288	-0.394574	
0.131201	-0.394295	
0.132114	-0.394014	
0.133027	-0.393729	
0.13394	-0.393442	
0.134853	-0.393152	
0.135766	-0.392859	
0.136679	-0.392564	
0.137592	-0.392266	
0.138505	-0.391965	
0.139418	-0.391661	
0.140331	-0.391354	
0.141244	-0.391045	
0.142158	-0.390733	
0.143071	-0.390418	
0.143984	-0.3901	
0.144897	-0.38978	
0.145811	-0.389457	
0.146724	-0.389131	
0.147637	-0.388802	
0.14855	-0.388471	
0.149464	-0.388137	
0.150377	-0.3878	
0.151291	-0.38746	
0.152204	-0.387118	
0.153117	-0.386772	
0.154031	-0.386424	
0.154944	-0.386074	
0.155858	-0.38572	
0.156771	-0.385364	
0.157685	-0.385005	
0.158598	-0.384644	
0.159512	-0.38428	
0.160426	-0.383913	
0.161339	-0.383543	
0.162253	-0.38317	
0.163166	-0.382795	
0.16408	-0.382417	
0.164994	-0.382036	
0.165907	-0.381653	
0.166821	-0.381267	
0.167735	-0.380878	
0.168649	-0.380487	
0.169562	-0.380092	
0.170476	-0.379695	
0.17139	-0.379296	
0.172304	-0.378893	
0.173217	-0.378488	
0.174131	-0.378081	
0.175045	-0.37767	
0.175959	-0.377257	
0.176873	-0.376841	
0.177787	-0.376423	
0.178701	-0.376001	
0.179615	-0.375577	
0.180529	-0.375151	
0.181443	-0.374721	
0.182357	-0.374289	
0.183271	-0.373855	
0.184185	-0.373417	
0.185099	-0.372977	
0.186013	-0.372535	
0.186927	-0.372089	
0.187841	-0.371641	
0.188755	-0.37119	
0.189669	-0.370737	
0.190583	-0.370281	
0.191497	-0.369822	
0.192412	-0.369361	
0.193326	-0.368897	
0.19424	-0.36843	
0.195154	-0.36796	
0.196068	-0.367488	
0.196983	-0.367013	
0.197897	-0.366536	
0.198811	-0.366056	
0.199725	-0.365573	
0.20064	-0.365088	
0.201554	-0.3646	
0.202468	-0.364109	
0.203382	-0.363616	
0.204297	-0.36312	
0.205211	-0.362621	
0.206126	-0.36212	
0.20704	-0.361616	
0.207954	-0.36111	
0.208869	-0.360601	
0.209783	-0.360089	
0.210698	-0.359574	
0.211612	-0.359057	
0.212526	-0.358538	
0.213441	-0.358015	
0.214355	-0.35749	
0.21527	-0.356963	
0.216184	-0.356433	
0.217099	-0.3559	
0.218013	-0.355364	
0.218928	-0.354826	
0.219842	-0.354286	
0.220757	-0.353742	
0.221671	-0.353196	
0.222586	-0.352648	
0.223501	-0.352097	
0.224415	-0.351543	
0.22533	-0.350987	
0.226244	-0.350428	
0.227159	-0.349866	
0.228074	-0.349302	
0.228988	-0.348735	
0.229903	-0.348166	
0.230818	-0.347594	
0.231732	-0.347019	
0.232647	-0.346442	
0.233562	-0.345862	
0.234476	-0.34528	
0.235391	-0.344695	
0.236306	-0.344108	
0.23722	-0.343517	
0.238135	-0.342925	
0.23905	-0.342329	
0.239964	-0.341732	
0.240879	-0.341131	
0.241794	-0.340528	
0.242709	-0.339923	
0.243623	-0.339314	
0.244538	-0.338704	
0.245453	-0.33809	
0.246368	-0.337474	
0.247283	-0.336856	
0.248197	-0.336235	
0.249112	-0.335611	
0.250027	-0.334985	
0.250942	-0.334356	
0.251857	-0.333725	
0.252771	-0.333091	
0.253686	-0.332454	
0.254601	-0.331815	
0.255516	-0.331174	
0.256431	-0.33053	
0.257346	-0.329883	
0.258261	-0.329234	
0.259175	-0.328582	
0.26009	-0.327928	
0.261005	-0.327271	
0.26192	-0.326611	
0.262835	-0.325949	
0.26375	-0.325285	
0.264665	-0.324618	
0.26558	-0.323948	
0.266494	-0.323276	
0.267409	-0.322601	
0.268324	-0.321924	
0.269239	-0.321244	
0.270154	-0.320562	
0.271069	-0.319877	
0.271984	-0.319189	
0.272899	-0.318499	
0.273814	-0.317807	
0.274729	-0.317112	
0.275644	-0.316414	
0.276558	-0.315714	
0.277473	-0.315012	
0.278388	-0.314306	
0.279303	-0.313599	
0.280218	-0.312889	
0.281133	-0.312176	
0.282048	-0.311461	
0.282963	-0.310743	
0.283878	-0.310022	
0.284793	-0.3093	
0.285708	-0.308574	
0.286623	-0.307846	
0.287538	-0.307116	
0.288452	-0.306383	
0.289367	-0.305648	
0.290282	-0.30491	
0.291197	-0.304169	
0.292112	-0.303427	
0.293027	-0.302681	
0.293942	-0.301933	
0.294857	-0.301183	
0.295772	-0.30043	
0.296687	-0.299674	
0.297602	-0.298916	
0.298517	-0.298156	
0.299431	-0.297393	
0.300346	-0.296627	
0.301261	-0.295859	
0.302176	-0.295089	
0.303091	-0.294316	
0.304006	-0.29354	
0.304921	-0.292762	
0.305836	-0.291982	
0.306751	-0.291199	
0.307666	-0.290413	
0.30858	-0.289625	
0.309495	-0.288835	
0.31041	-0.288042	
0.311325	-0.287247	
0.31224	-0.286449	
0.313155	-0.285648	
0.31407	-0.284845	
0.314984	-0.28404	
0.315899	-0.283232	
0.316814	-0.282422	
0.317729	-0.281609	
0.318644	-0.280793	
0.319558	-0.279976	
0.320473	-0.279155	
0.321388	-0.278332	
0.322303	-0.277507	
0.323218	-0.276679	
0.324132	-0.275849	
0.325047	-0.275017	
0.325962	-0.274181	
0.326877	-0.273344	
0.327791	-0.272503	
0.328706	-0.271661	
0.329621	-0.270816	
0.330536	-0.269968	
0.33145	-0.269118	
0.332365	-0.268266	
0.33328	-0.267411	
0.334194	-0.266553	
0.335109	-0.265693	
0.336024	-0.264831	
0.336938	-0.263966	
0.337853	-0.263099	
0.338768	-0.262229	
0.339682	-0.261356	
0.340597	-0.260482	
0.341511	-0.259604	
0.342426	-0.258725	
0.343341	-0.257843	
0.344255	-0.256958	
0.34517	-0.256071	
0.346084	-0.255181	
0.346999	-0.254289	
0.347913	-0.253395	
0.348828	-0.252498	
0.349742	-0.251598	
0.350657	-0.250696	
0.351571	-0.249792	
0.352486	-0.248885	
0.3534	-0.247976	
0.354314	-0.247064	
0.355229	-0.24615	
0.356141	-0.245235	
0.357051	-0.244321	
0.357959	-0.243406	
0.358865	-0.242491	
0.359768	-0.241575	
0.360669	-0.24066	
0.361568	-0.239744	
0.362465	-0.238828	
0.36336	-0.237912	
0.364252	-0.236996	
0.365143	-0.236079	
0.366031	-0.235162	
0.366918	-0.234246	
0.367802	-0.233329	
0.368684	-0.232411	
0.369564	-0.231494	
0.370442	-0.230577	
0.371318	-0.229659	
0.372192	-0.228741	
0.373064	-0.227823	
0.373934	-0.226905	
0.374802	-0.225986	
0.375669	-0.225068	
0.376533	-0.224149	
0.377395	-0.22323	
0.378256	-0.222311	
0.379114	-0.221392	
0.379971	-0.220473	
0.380825	-0.219553	
0.381678	-0.218634	
0.382529	-0.217714	
0.383378	-0.216794	
0.384226	-0.215874	
0.385071	-0.214953	
0.385915	-0.214033	
0.386757	-0.213112	
0.387597	-0.212192	
0.388435	-0.211271	
0.389272	-0.21035	
0.390107	-0.209429	
0.39094	-0.208507	
0.391771	-0.207586	
0.392601	-0.206664	
0.393428	-0.205743	
0.394255	-0.204821	
0.395079	-0.203899	
0.395902	-0.202977	
0.396723	-0.202054	
0.397543	-0.201132	
0.39836	-0.200209	
0.399177	-0.199287	
0.399991	-0.198364	
0.400804	-0.197441	
0.401615	-0.196518	
0.402425	-0.195595	
0.403233	-0.194671	
0.40404	-0.193748	
0.404845	-0.192824	
0.405648	-0.1919	
0.40645	-0.190977	
0.40725	-0.190053	
0.408049	-0.189129	
0.408846	-0.188204	
0.409641	-0.18728	
0.410435	-0.186356	
0.411228	-0.185431	
0.412019	-0.184506	
0.412808	-0.183581	
0.413597	-0.182657	
0.414383	-0.181731	
0.415168	-0.180806	
0.415952	-0.179881	
0.416734	-0.178956	
0.417515	-0.17803	
0.418294	-0.177104	
0.419072	-0.176179	
0.419848	-0.175253	
0.420623	-0.174327	
0.421397	-0.173401	
0.422169	-0.172475	
0.422939	-0.171548	
0.423709	-0.170622	
0.424477	-0.169695	
0.425243	-0.168769	
0.426008	-0.167842	
0.426772	-0.166915	
0.427535	-0.165988	
0.428296	-0.165061	
0.429056	-0.164134	
0.429814	-0.163207	
0.430571	-0.162279	
0.431327	-0.161352	
0.432081	-0.160424	
0.432834	-0.159497	
0.433586	-0.158569	
0.434336	-0.157641	
0.435086	-0.156713	
0.435833	-0.155785	
0.43658	-0.154857	
0.437325	-0.153929	
0.438069	-0.153	
0.438812	-0.152072	
0.439553	-0.151143	
0.440294	-0.150215	
0.441033	-0.149286	
0.44177	-0.148357	
0.442507	-0.147428	
0.443242	-0.146499	
0.443976	-0.14557	
0.444709	-0.144641	
0.44544	-0.143712	
0.446171	-0.142782	
0.4469	-0.141853	
0.447628	-0.140923	
0.448354	-0.139994	
0.44908	-0.139064	
0.449804	-0.138134	
0.450527	-0.137204	
0.451249	-0.136274	
0.45197	-0.135344	
0.452689	-0.134414	
0.453408	-0.133484	
0.454125	-0.132554	
0.454841	-0.131623	
0.455556	-0.130693	
0.45627	-0.129762	
0.456983	-0.128832	
0.457694	-0.127901	
0.458405	-0.12697	
0.459114	-0.126039	
0.459822	-0.125108	
0.460529	-0.124177	
0.461235	-0.123246	
0.46194	-0.122315	
0.462643	-0.121384	
0.463346	-0.120452	
0.464047	-0.119521	
0.464748	-0.118589	
0.465447	-0.117658	
0.466145	-0.116726	
0.466842	-0.115794	
0.467538	-0.114862	
0.468233	-0.11393	
0.468927	-0.112998	
0.46962	-0.112066	
0.470312	-0.111134	
0.471002	-0.110202	
0.471692	-0.10927	
0.472381	-0.108337	
0.473068	-0.107405	
0.473755	-0.106473	
0.47444	-0.10554	
0.475125	-0.104607	
0.475808	-0.103675	
0.47649	-0.102742	
0.477172	-0.101809	
0.477852	-0.100876	
0.478531	-0.0999432	
0.47921	-0.0990102	
0.479887	-0.0980771	
0.480563	-0.0971439	
0.481239	-0.0962106	
0.481913	-0.0952773	
0.482586	-0.094344	
0.483258	-0.0934105	
0.48393	-0.092477	
0.4846	-0.0915434	
0.485269	-0.0906098	
0.485938	-0.0896761	
0.486605	-0.0887423	
0.487272	-0.0878085	
0.487937	-0.0868746	
0.488602	-0.0859406	
0.489265	-0.0850066	
0.489928	-0.0840725	
0.490589	-0.0831384	
0.49125	-0.0822042	
0.49191	-0.0812699	
0.492568	-0.0803356	
0.493226	-0.0794012	
0.493883	-0.0784667	
0.494539	-0.0775322	
0.495194	-0.0765976	
0.495848	-0.075663	
0.496501	-0.0747283	
0.497154	-0.0737936	
0.497805	-0.0728588	
0.498455	-0.0719239	
0.499105	-0.070989	
0.499753	-0.070054	
0.500401	-0.0691189	
0.501048	-0.0681838	
0.501693	-0.0672487	
0.502338	-0.0663135	
0.502982	-0.0653782	
0.503626	-0.0644429	
0.504268	-0.0635075	
0.504909	-0.0625721	
0.50555	-0.0616366	
0.506189	-0.0607011	
0.506828	-0.0597655	
0.507466	-0.0588298	
0.508103	-0.0578941	
0.508739	-0.0569584	
0.509374	-0.0560226	
0.510008	-0.0550867	
0.510642	-0.0541508	
0.511274	-0.0532148	
0.511906	-0.0522788	
0.512537	-0.0513427	
0.513167	-0.0504066	
0.513796	-0.0494704	
0.514424	-0.0485342	
0.515052	-0.0475979	
0.515678	-0.0466616	
0.516304	-0.0457253	
0.516929	-0.0447888	
0.517553	-0.0438524	
0.518176	-0.0429158	
0.518799	-0.0419793	
0.51942	-0.0410427	
0.520041	-0.040106	
0.520661	-0.0391693	
0.52128	-0.0382325	
0.521898	-0.0372957	
0.522516	-0.0363588	
0.523133	-0.0354219	
0.523748	-0.034485	
0.524363	-0.033548	
0.524978	-0.032611	
0.525591	-0.0316739	
0.526203	-0.0307367	
0.526815	-0.0297996	
0.527426	-0.0288623	
0.528036	-0.0279251	
0.528646	-0.0269877	
0.529254	-0.0260504	
0.529862	-0.025113	
0.530469	-0.0241755	
0.531075	-0.023238	
0.531681	-0.0223005	
0.532285	-0.0213629	
0.532889	-0.0204253	
0.533492	-0.0194876	
0.534094	-0.0185499	
0.534696	-0.0176122	
0.535296	-0.0166744	
0.535896	-0.0157366	
0.536495	-0.0147987	
0.537094	-0.0138608	
0.537691	-0.0129228	
0.538288	-0.0119848	
0.538884	-0.0110468	
0.53948	-0.0101087	
0.540074	-0.00917056	
0.540668	-0.0082324	
0.541261	-0.0072942	
0.541853	-0.00635596	
0.542445	-0.00541768	
0.543036	-0.00447936	
0.543626	-0.003541	
0.544215	-0.0026026	
0.544803	-0.00166416	
0.545391	-0.00072569	
0.545978	0.000212823	
0.546564	0.00115137	
0.54715	0.00208996	
0.547735	0.00302859	
0.548319	0.00396725	
0.548902	0.00490595	
0.549485	0.00584469	
0.550067	0.00678346	
0.550648	0.00772227	
0.551228	0.00866112	
0.551808	0.00960001	
0.552387	0.0105389	
0.552965	0.0114779	
0.553543	0.0124169	
0.554119	0.0133559	
0.554696	0.014295	
0.555271	0.0152341	
0.555846	0.0161732	
0.556419	0.0171123	
0.556993	0.0180515	
0.557565	0.0189908	
0.558137	0.0199301	
0.558708	0.0208694	
0.559279	0.0218087	
0.559848	0.0227481	
0.560417	0.0236875	
0.560985	0.0246269	
0.561553	0.0255664	
0.56212	0.0265059	
0.562686	0.0274454	
0.563252	0.028385	
0.563816	0.0293246	
0.56438	0.0302642	
0.564944	0.0312038	
0.565507	0.0321435	
0.566069	0.0330833	
0.56663	0.034023	
0.567191	0.0349628	
0.567751	0.0359026	
0.56831	0.0368425	
0.568869	0.0377823	
0.569426	0.0387223	
0.569984	0.0396622	
0.57054	0.0406022	
0.571096	0.0415422	
0.571651	0.0424822	
0.572206	0.0434222	
0.57276	0.0443623	
0.573313	0.0453024	
0.573866	0.0462426	
0.574418	0.0471828	
0.574969	0.048123	
0.575519	0.0490632	
0.576069	0.0500035	
0.576618	0.0509437	
0.577167	0.0518841	
0.577715	0.0528244	
0.578262	0.0537648	
0.578809	0.0547052	
0.579355	0.0556456	
0.5799	0.056586	
0.580444	0.0575265	
0.580988	0.058467	
0.581532	0.0594076	
0.582074	0.0603481	
0.582616	0.0612887	
0.583158	0.0622293	
0.583699	0.06317	
0.584239	0.0641106	
0.584778	0.0650513	
0.585317	0.065992	
0.585855	0.0669328	
0.586392	0.0678735	
0.586929	0.0688143	
0.587466	0.0697551	
0.588001	0.070696	
0.588536	0.0716368	
0.58907	0.0725777	
0.589604	0.0735186	
0.590137	0.0744596	
0.59067	0.0754005	
0.591201	0.0763415	
0.591732	0.0772825	
0.592263	0.0782236	
0.592793	0.0791646	
0.593322	0.0801057	
0.593851	0.0810468	
0.594379	0.0819879	
0.594906	0.0829291	
0.595433	0.0838702	
0.595959	0.0848114	
0.596485	0.0857526	
0.59701	0.0866939	
0.597534	0.0876351	
0.598058	0.0885764	
0.598581	0.0895177	
0.599103	0.090459	
0.599625	0.0914004	
0.600146	0.0923417	
0.600667	0.0932831	
0.601187	0.0942245	
0.601706	0.095166	
0.602225	0.0961074	
0.602743	0.0970489	
0.603261	0.0979904	
0.603778	0.0989319	
0.604294	0.0998734	
0.60481	0.100815	
0.605325	0.101757	
0.60584	0.102698	
0.606353	0.10364	
0.606867	0.104581	
0.60738	0.105523	
0.607892	0.106465	
0.608403	0.107406	
0.608914	0.108348	
0.609425	0.10929	
0.609934	0.110232	
0.610444	0.111173	
0.610952	0.112115	
0.61146	0.113057	
0.611967	0.113999	
0.612474	0.114941	
0.61298	0.115882	
0.613486	0.116824	
0.613991	0.117766	
0.614496	0.118708	
0.614999	0.11965	
0.615503	0.120592	
0.616005	0.121534	
0.616507	0.122476	
0.617009	0.123418	
0.61751	0.12436	
0.61801	0.125302	
0.61851	0.126244	
0.619009	0.127186	
0.619508	0.128128	
0.620006	0.12907	
0.620503	0.130012	
0.621	0.130954	
0.621497	0.131897	
0.621992	0.132839	
0.622487	0.133781	
0.622982	0.134723	
0.623476	0.135665	
0.623969	0.136607	
0.624462	0.13755	
0.624955	0.138492	
0.625446	0.139434	
0.625937	0.140376	
0.626428	0.141319	
0.626918	0.142261	
0.627408	0.143203	
0.627896	0.144146	
0.628385	0.145088	
0.628872	0.14603	
0.62936	0.146973	
0.629846	0.147915	
0.630332	0.148858	
0.630818	0.1498	
0.631303	0.150742	
0.631787	0.151685	
0.632271	0.152627	
0.632754	0.15357	
0.633237	0.154512	
0.633719	0.155455	
0.634201	0.156397	
0.634682	0.15734	
0.635162	0.158282	
0.635642	0.159225	
0.636121	0.160167	
0.6366	0.16111	
0.637079	0.162052	
0.637556	0.162995	
0.638033	0.163938	
0.63851	0.16488	
0.638986	0.165823	
0.639462	0.166766	
0.639936	0.167708	
0.640411	0.168651	
0.640885	0.169593	
0.641358	0.170536	
0.641831	0.171479	
0.642303	0.172422	
0.642775	0.173364	
0.643246	0.174307	
0.643716	0.17525	
0.644186	0.176192	
0.644656	0.177135	
0.645125	0.178078	
0.645593	0.179021	
0.646061	0.179963	
0.646528	0.180906	
0.646995	0.181849	
0.647461	0.182792	
0.647927	0.183735	
0.648392	0.184677	
0.648857	0.18562	
0.649321	0.186563	
0.649784	0.187506	
0.650247	0.188449	
0.65071	0.189392	
0.651172	0.190335	
0.651633	0.191278	
0.652094	0.19222	
0.652554	0.193163	
0.653014	0.194106	
0.653474	0.195049	
0.653932	0.195992	
0.65439	0.196935	
0.654848	0.197878	
0.655305	0.198821	
0.655762	0.199764	
0.656218	0.200707	
0.656674	0.20165	
0.657129	0.202593	
0.657583	0.203536	
0.658037	0.204479	
0.65849	0.205422	
0.658943	0.206365	
0.659396	0.207308	
0.659848	0.208251	
0.660299	0.209194	
0.66075	0.210137	
0.6612	0.21108	
0.66165	0.212023	
0.662099	0.212966	
0.662548	0.213909	
0.662996	0.214852	
0.663444	0.215795	
0.663891	0.216738	
0.664337	0.217681	
0.664783	0.218624	
0.665229	0.219567	
0.665674	0.22051	
0.666119	0.221454	
0.666563	0.222397	
0.667006	0.22334	
0.667449	0.224283	
0.667892	0.225226	
0.668333	0.226169	
0.668775	0.227112	
0.669216	0.228055	
0.669656	0.228998	
0.670096	0.229942	
0.670535	0.230885	
0.670974	0.231828	
0.671413	0.232771	
0.67185	0.233714	
0.672288	0.234657	
0.672725	0.2356	
0.673161	0.236544	
0.673597	0.237487	
0.674032	0.23843	
0.674467	0.239373	
0.674901	0.240316	
0.675335	0.241259	
0.675768	0.242203	
0.676201	0.243146	
0.676633	0.244089	
0.677064	0.245032	
0.677496	0.245975	
0.677926	0.246918	
0.678356	0.247862	
0.678786	0.248805	
0.679215	0.249748	
0.679644	0.250691	
0.680072	0.251634	
0.6805	0.252578	
0.680927	0.253521	
0.681353	0.254464	
0.681779	0.255407	
0.682205	0.25635	
0.68263	0.257294	
0.683055	0.258237	
0.683479	0.25918	
0.683902	0.260123	
0.684325	0.261066	
0.684748	0.26201	
0.68517	0.262953	
0.685592	0.263896	
0.686013	0.264839	
0.686433	0.265782	
0.686853	0.266726	
0.687273	0.267669	
0.687692	0.268612	
0.68811	0.269555	
0.688528	0.270499	
0.688946	0.271442	
0.689363	0.272385	
0.68978	0.273328	
0.690196	0.274271	
0.690611	0.275215	
0.691026	0.276158	
0.691441	0.277101	
0.691855	0.278044	
0.692268	0.278987	
0.692681	0.279931	
0.693094	0.280874	
0.693506	0.281817	
0.693918	0.28276	
0.694329	0.283703	
0.694739	0.284646	
0.695149	0.28559	
0.695559	0.286533	
0.695968	0.287476	
0.696376	0.288419	
0.696785	0.289362	
0.697192	0.290306	
0.697599	0.291249	
0.698006	0.292192	
0.698412	0.293135	
0.698818	0.294078	
0.699223	0.295021	
0.699627	0.295965	
0.700031	0.296908	
0.700435	0.297851	
0.700838	0.298794	
0.701241	0.299737	
0.701643	0.30068	
0.702045	0.301623	
0.702446	0.302567	
0.702847	0.30351	
0.703247	0.304453	
0.703647	0.305396	
0.704046	0.306339	
0.704444	0.307282	
0.704843	0.308225	
0.70524	0.309168	
0.705638	0.310112	
0.706034	0.311055	
0.706431	0.311998	
0.706827	0.312941	
0.707222	0.313884	
0.707617	0.314827	
0.708011	0.31577	
0.708405	0.316713	
0.708798	0.317656	
0.709191	0.318599	
0.709583	0.319542	
0.709975	0.320485	
0.710367	0.321428	
0.710757	0.322371	
0.711148	0.323314	
0.711538	0.324257	
0.711927	0.3252	
0.712316	0.326143	
0.712705	0.327086	
0.713093	0.328029	
0.71348	0.328972	
0.713867	0.329915	
0.714253	0.330858	
0.71464	0.331801	
0.715025	0.332744	
0.71541	0.333687	
0.715795	0.33463	
0.716179	0.335573	
0.716562	0.336516	
0.716945	0.337459	
0.717328	0.338402	
0.71771	0.339345	
0.718092	0.340288	
0.718473	0.341231	
0.718854	0.342174	
0.719234	0.343117	
0.719614	0.344059	
0.719993	0.345002	
0.720371	0.345945	
0.72075	0.346888	
0.721128	0.347831	
0.721505	0.348774	
0.721882	0.349716	
0.722258	0.350659	
0.722634	0.351602	
0.723009	0.352545	
0.723384	0.353488	
0.723758	0.35443	
0.724132	0.355373	
0.724506	0.356316	
0.724879	0.357259	
0.725251	0.358202	
0.725623	0.359144	
0.725994	0.360087	
0.726365	0.36103	
0.726736	0.361972	
0.727106	0.362915	
0.727476	0.363858	
0.727845	0.3648	
0.728213	0.365743	
0.728581	0.366686	
0.728949	0.367628	
0.729316	0.368571	
0.729683	0.369514	
0.730049	0.370456	
0.730415	0.371399	
0.73078	0.372341	
0.731145	0.373284	
0.731509	0.374227	
0.731873	0.375169	
0.732236	0.376112	
0.732599	0.377054	
0.732961	0.377997	
0.733323	0.378939	
0.733684	0.379882	
0.734045	0.380824	
0.734405	0.381767	
0.734765	0.382709	
0.735125	0.383652	
0.735484	0.384594	
0.735842	0.385537	
0.7362	0.386479	
0.736558	0.387421	
0.736915	0.388364	
0.737271	0.389306	
0.737627	0.390249	
0.737983	0.391191	
0.738338	0.392133	
0.738693	0.393076	
0.739047	0.394018	
0.7394	0.39496	
0.739754	0.395902	
0.740106	0.396845	
0.740458	0.397787	
0.74081	0.398729	
0.741161	0.399672	
0.741512	0.400614	
0.741862	0.401556	
0.742212	0.402498	
0.742562	0.40344	
0.74291	0.404382	
0.743259	0.405325	
0.743607	0.406267	
0.743954	0.407209	
0.744301	0.408151	
0.744647	0.409093	
0.744993	0.410035	
0.745339	0.410977	
0.745684	0.411919	
0.746028	0.412861	
0.746372	0.413803	
0.746716	0.414745	
0.747059	0.415687	
0.747402	0.416629	
0.747744	0.417571	
0.748085	0.418513	
0.748426	0.419455	
0.748767	0.420397	
0.749107	0.421339	
0.749447	0.422281	
0.749786	0.423223	
0.750125	0.424164	
0.750463	0.425106	
0.750801	0.426048	
0.751138	0.42699	
0.751475	0.427932	
0.751811	0.428873	
0.752147	0.429815	
0.752483	0.430757	
0.752817	0.431699	
0.753152	0.43264	
0.753486	0.433582	
0.753819	0.434524	
0.754152	0.435465	
0.754485	0.436407	
0.754817	0.437348	
0.755148	0.43829	
0.755479	0.439232	
0.75581	0.440173	
0.75614	0.441115	
0.756469	0.442056	
0.756798	0.442998	
0.757127	0.443939	
0.757455	0.444881	
0.757783	0.445822	
0.75811	0.446763	
0.758437	0.447705	
0.758763	0.448646	
0.759088	0.449588	
0.759414	0.450529	
0.759738	0.45147	
0.760063	0.452412	
0.760386	0.453353	
0.76071	0.454294	
0.761032	0.455235	
0.761355	0.456177	
0.761677	0.457118	
0.761998	0.458059	
0.762319	0.459	
0.762639	0.459941	
0.762959	0.460882	
0.763278	0.461823	
0.763597	0.462765	
0.763916	0.463706	
0.764234	0.464647	
0.764551	0.465588	
0.764868	0.466529	
0.765185	0.46747	
0.765501	0.468411	
0.765816	0.469351	
0.766131	0.470292	
0.766446	0.471233	
0.76676	0.472174	
0.767073	0.473115	
0.767386	0.474056	
0.767699	0.474997	
0.768011	0.475937	
0.768323	0.476878	
0.768634	0.477819	
0.768945	0.47876	
0.769255	0.4797	
0.769564	0.480641	
0.769874	0.481582	
0.770182	0.482522	
0.77049	0.483463	
0.770798	0.484403	
0.771105	0.485344	
0.771412	0.486284	
0.771718	0.487225	
0.772024	0.488165	
0.772329	0.489106	
0.772634	0.490046	
0.772938	0.490987	
0.773242	0.491927	
0.773546	0.492867	
0.773848	0.493808	
0.774151	0.494748	
0.774453	0.495688	
0.774754	0.496629	
0.775055	0.497569	
0.775355	0.498509	
0.775655	0.499449	
0.775954	0.500389	
0.776253	0.501329	
0.776552	0.50227	
0.77685	0.50321	
0.777147	0.50415	
0.777444	0.50509	
0.77774	0.50603	
0.778036	0.50697	
0.778332	0.50791	
0.778627	0.50885	
0.778921	0.50979	
0.779215	0.510729	
0.779508	0.511669	
0.779801	0.512609	
0.780094	0.513549	
0.780386	0.514489	
0.780677	0.515428	
0.780968	0.516368	
0.781259	0.517308	
0.781549	0.518247	
0.781838	0.519187	
0.782127	0.520127	
0.782416	0.521066	
0.782704	0.522006	
0.782991	0.522945	
0.783278	0.523885	
0.783565	0.524824	
0.783851	0.525764	
0.784136	0.526703	
0.784421	0.527642	
0.784706	0.528582	
0.78499	0.529521	
0.785273	0.53046	
0.785556	0.5314	
0.785839	0.532339	
0.786121	0.533278	
0.786402	0.534217	
0.786683	0.535156	
0.786964	0.536095	
0.787244	0.537034	
0.787523	0.537974	
0.787802	0.538913	
0.788081	0.539852	
0.788359	0.54079	
0.788636	0.541729	
0.788913	0.542668	
0.78919	0.543607	
0.789466	0.544546	
0.789741	0.545485	
0.790016	0.546424	
0.790291	0.547362	
0.790565	0.548301	
0.790838	0.54924	
0.791111	0.550178	
0.791383	0.551117	
0.791655	0.552056	
0.791927	0.552994	
0.792198	0.553933	
0.792468	0.554871	
0.792738	0.55581	
0.793007	0.556748	
0.793276	0.557686	
0.793545	0.558625	
0.793812	0.559563	
0.79408	0.560501	
0.794347	0.56144	
0.794613	0.562378	
0.794879	0.563316	
0.795144	0.564254	
0.795409	0.565192	
0.795673	0.56613	
0.795937	0.567068	
0.7962	0.568006	
0.796463	0.568944	
0.796725	0.569882	
0.796987	0.57082	
0.797248	0.571758	
0.797509	0.572696	
0.797769	0.573634	
0.798029	0.574571	
0.798288	0.575509	
0.798546	0.576447	
0.798805	0.577385	
0.799062	0.578322	
0.799319	0.57926	
0.799576	0.580197	
0.799832	0.581135	
0.800087	0.582072	
0.800342	0.58301	
0.800597	0.583947	
0.800851	0.584884	
0.801104	0.585822	
0.801357	0.586759	
0.80161	0.587696	
0.801861	0.588634	
0.802113	0.589571	
0.802364	0.590508	
0.802614	0.591445	
0.802864	0.592382	
0.803113	0.593319	
0.803362	0.594256	
0.80361	0.595193	
0.803858	0.59613	
0.804105	0.597067	
0.804351	0.598004	
0.804598	0.59894	
0.804843	0.599877	
0.805088	0.600814	
0.805333	0.601751	
0.805577	0.602687	
0.80582	0.603624	
0.806063	0.60456	
0.806306	0.605497	
0.806547	0.606433	
0.806789	0.60737	
0.80703	0.608306	
0.80727	0.609243	
0.80751	0.610179	
0.807749	0.611115	
0.807988	0.612051	
0.808226	0.612988	
0.808463	0.613924	
0.808701	0.61486	
0.808937	0.615796	
0.809173	0.616732	
0.809409	0.617668	
0.809644	0.618604	
0.809878	0.61954	
0.810112	0.620476	
0.810345	0.621411	
0.810578	0.622347	
0.81081	0.623283	
0.811042	0.624219	
0.811273	0.625154	
0.811504	0.62609	
0.811734	0.627025	
0.811963	0.627961	
0.812193	0.628896	
0.812421	0.629832	
0.812649	0.630767	
0.812876	0.631702	
0.813103	0.632638	
0.813329	0.633573	
0.813555	0.634508	
0.81378	0.635443	
0.814005	0.636378	
0.814229	0.637313	
0.814453	0.638248	
0.814676	0.639183	
0.814898	0.640118	
0.81512	0.641053	
0.815341	0.641988	
0.815562	0.642923	
0.815783	0.643857	
0.816002	0.644792	
0.816221	0.645727	
0.81644	0.646661	
0.816658	0.647596	
0.816876	0.64853	
0.817093	0.649465	
0.817309	0.650399	
0.817525	0.651333	
0.81774	0.652268	
0.817955	0.653202	
0.818169	0.654136	
0.818382	0.65507	
0.818595	0.656004	
0.818808	0.656938	
0.81902	0.657872	
0.819231	0.658806	
0.819442	0.65974	
0.819652	0.660674	
0.819862	0.661608	
0.820071	0.662542	
0.82028	0.663475	
0.820488	0.664409	
0.820695	0.665342	
0.820902	0.666276	
0.821108	0.667209	
0.821314	0.668143	
0.821519	0.669076	
0.821723	0.67001	
0.821927	0.670943	
0.822131	0.671876	
0.822334	0.672809	
0.822536	0.673742	
0.822738	0.674675	
0.822939	0.675608	
0.823139	0.676541	
0.823339	0.677474	
0.823539	0.678407	
0.823738	0.67934	
0.823936	0.680273	
0.824134	0.681205	
0.824331	0.682138	
0.824527	0.683071	
0.824723	0.684003	
0.824918	0.684936	
0.825113	0.685868	
0.825307	0.6868	
0.825501	0.687733	
0.825694	0.688665	
0.825887	0.689597	
0.826078	0.690529	
0.82627	0.691461	
0.82646	0.692393	
0.82665	0.693325	
0.82684	0.694257	
0.827029	0.695189	
0.827217	0.696121	
0.827405	0.697052	
0.827592	0.697984	
0.827779	0.698916	
0.827965	0.699847	
0.82815	0.700779	
0.828335	0.70171	
0.828519	0.702641	
0.828702	0.703573	
0.828885	0.704504	
0.829068	0.705435	
0.82925	0.706366	
0.829431	0.707297	
0.829611	0.708228	
0.829791	0.709159	
0.829971	0.71009	
0.830149	0.711021	
0.830328	0.711952	
0.830505	0.712882	
0.830682	0.713813	
0.830858	0.714744	
0.831034	0.715674	
0.831209	0.716605	
0.831384	0.717535	
0.831558	0.718465	
0.831731	0.719395	
0.831904	0.720326	
0.832076	0.721256	
0.832247	0.722186	
0.832418	0.723116	
0.832588	0.724046	
0.832758	0.724976	
0.832927	0.725905	
0.833095	0.726835	
0.833263	0.727765	
0.83343	0.728694	
0.833597	0.729624	
0.833763	0.730553	
0.833928	0.731483	
0.834092	0.732412	
0.834256	0.733341	
0.83442	0.73427	
0.834583	0.7352	
0.834745	0.736129	
0.834906	0.737058	
0.835067	0.737987	
